
311.0204081632653, 1350.0
313.0208333333333, 1265.0
315.0217391304348, 1260.0

311.01960784313724, 1374.0
313.0217391304348, 1281.0
311.0208333333333, 1331.0
311.0204081632653, 1357.0

311.0232558139535, 1254.0
276.0204081632653, 1373.0
307.02127659574467, 1307.0
277.02127659574467, 1372.0
309.02222222222224, 1255.0
309.0217391304348, 1302.0

321.0232558139535, 1242.0
319.02127659574467, 1353.0
319.0217391304348, 1281.0

307.02127659574467, 1262.0
304.0192307692308, 1292.0
305.02, 1288.0
306.0204081632653, 1270.0

282.0204081632653, 1304.0
311.0217391304348, 1292.0

308.0204081632653, 1401.0
315.0232558139535, 1299.0
313.02127659574467, 1382.0
313.0217391304348, 1317.0
310.02127659574467, 1399.0
313.02222222222224, 1301.0

294.02, 1322.0
315.0217391304348, 1261.0
314.0204081632653, 1303.0
314.0208333333333, 1274.0

306.0217391304348, 1268.0
311.02272727272725, 1252.0
309.02272727272725, 1256.0

294.02272727272725, 1345.0
291.0217391304348, 1357.0
292.02272727272725, 1355.0

291.01960784313724, 1389.0
319.02222222222224, 1305.0
314.02127659574467, 1326.0
292.0204081632653, 1385.0
315.02222222222224, 1322.0

315.0232558139535, 1245.0
313.0232558139535, 1247.0

307.02127659574467, 1358.0
317.02127659574467, 1297.0
307.0217391304348, 1333.0
309.02272727272725, 1331.0
311.02127659574467, 1313.0
313.02127659574467, 1301.0
315.02127659574467, 1299.0

313.02127659574467, 1288.0
308.0204081632653, 1322.0
306.01960784313724, 1366.0

309.0204081632653, 1362.0
311.02222222222224, 1301.0
309.02127659574467, 1303.0
309.0208333333333, 1336.0
